100
4 -10.19 793.06 57.16 885.65 65.05 884.42 147.60 754.07
5 367.12 260.46 482.81 230.65 473.93 149.95 372.44 107.13 342.39 246.12
6 508.19 561.37 545.33 515.13 483.67 420.46 414.24 479.59 416.60 555.17 446.54 580.99
6 111.31 298.70 144.76 256.76 143.58 247.99 60.16 245.35 41.12 260.76 51.56 309.01
4 905.69 82.94 884.53 186.09 981.18 180.63 981.18 72.56
6 86.25 433.28 49.53 475.25 41.61 523.28 89.44 525.86 124.67 447.56 111.18 436.29
6 599.37 672.39 602.42 674.57 742.93 685.38 747.12 680.36 715.53 590.34 633.38 581.13
5 722.78 748.88 669.70 761.94 678.21 835.67 686.73 864.84 733.42 802.11
6 628.05 561.51 633.38 581.13 715.53 590.34 775.28 559.44 755.99 521.84 671.18 519.10
4 718.53 38.16 843.66 -3.55 846.97 -15.86 711.64 -15.86
4 508.19 561.37 446.54 580.99 460.06 642.79 545.97 650.26
6 342.39 246.12 372.44 107.13 250.45 25.80 244.66 39.21 233.63 114.70 327.00 244.39
8 541.13 323.67 493.77 381.82 483.67 420.46 545.33 515.13 608.07 540.23 641.76 369.18 628.72 348.93 545.31 323.65
5 233.63 114.70 221.08 145.87 247.68 222.85 277.23 281.95 327.00 244.39
6 111.18 436.29 124.67 447.56 152.63 462.17 157.92 458.07 202.31 375.95 142.67 378.74
5 143.58 247.99 143.80 247.14 50.11 149.37 3.97 149.02 60.16 245.35
6 703.33 203.04 638.41 185.95 545.31 323.65 628.72 348.93 728.19 278.99 731.78 250.98
6 728.19 278.99 858.43 348.30 869.72 336.22 863.66 193.36 828.94 175.11 731.78 250.98
6 747.12 680.36 765.77 673.88 835.41 599.08 826.13 572.66 775.28 559.44 715.53 590.34
7 256.29 549.64 241.52 580.66 389.36 572.56 416.60 555.17 414.24 479.59 411.19 479.15 308.02 505.57
6 832.30 1016.86 868.27 1016.86 913.94 842.24 896.60 829.36 796.85 850.41 740.97 910.17
6 841.29 57.89 905.69 82.94 981.18 72.56 981.18 -15.86 846.97 -15.86 843.66 -3.55
6 551.76 829.45 559.23 853.78 685.85 884.26 686.73 864.84 678.21 835.67 615.16 794.87
7 3.97 149.02 50.11 149.37 244.66 39.21 250.45 25.80 244.91 -15.86 -16.18 -15.86 -16.18 144.05
5 202.31 375.95 223.21 366.00 171.97 291.75 137.72 371.66 142.67 378.74
4 615.16 794.87 678.21 835.67 669.70 761.94 644.83 741.10
5 469.56 920.85 473.48 887.79 402.19 824.25 295.19 1016.86 365.02 1016.86
6 734.65 101.98 798.75 114.25 841.29 57.89 843.66 -3.55 718.53 38.16 710.72 82.27
7 372.44 107.13 473.93 149.95 524.56 100.68 554.15 33.93 550.09 -15.86 244.91 -15.86 250.45 25.80
4 41.61 523.28 49.53 475.25 -16.18 431.98 -16.18 579.77
6 742.93 685.38 602.42 674.57 644.83 741.10 669.70 761.94 722.78 748.88 744.33 729.93
5 587.12 962.99 551.41 918.15 513.11 964.66 500.99 1016.86 568.71 1016.86
5 347.86 347.15 493.77 381.82 541.13 323.67 482.81 230.65 367.12 260.46
4 524.56 100.68 631.89 164.76 693.56 84.12 554.15 33.93
5 778.96 792.76 796.85 850.41 896.60 829.36 861.82 743.81 788.57 762.57
7 602.42 674.57 599.37 672.39 597.57 672.98 518.05 775.34 551.76 829.45 615.16 794.87 644.83 741.10
5 41.12 260.76 60.16 245.35 3.97 149.02 -16.18 144.05 -16.18 257.32
8 551.41 918.15 587.12 962.99 669.43 933.60 694.54 897.72 685.85 884.26 559.23 853.78 555.77 859.84 549.72 908.25
5 755.99 521.84 754.75 511.22 731.87 483.63 687.27 485.80 671.18 519.10
7 885.05 699.57 864.04 733.81 861.82 743.81 896.60 829.36 913.94 842.24 981.18 832.19 981.18 677.57
5 951.36 449.62 915.76 515.73 957.09 541.55 981.18 535.03 981.18 457.21
4 277.23 281.95 247.68 222.85 224.06 276.00 275.09 288.09
4 910.55 433.37 901.99 513.25 915.76 515.73 951.36 449.62
7 861.82 743.81 864.04 733.81 765.77 673.88 747.12 680.36 742.93 685.38 744.33 729.93 788.57 762.57
5 740.97 910.17 694.54 897.72 669.43 933.60 662.58 1016.86 832.30 1016.86
7 219.92 604.05 220.05 603.33 185.30 561.26 89.44 525.86 41.61 523.28 -16.18 579.77 -16.18 594.08
4 513.11 964.66 551.41 918.15 549.72 908.25 487.26 926.75
4 669.43 933.60 587.12 962.99 568.71 1016.86 662.58 1016.86
5 27.64 331.48 76.44 368.08 107.92 345.50 111.31 298.70 51.56 309.01
6 840.03 550.49 826.13 572.66 835.41 599.08 836.25 599.82 922.91 601.22 942.47 553.41
8 775.28 559.44 826.13 572.66 840.03 550.49 842.48 543.01 838.31 406.56 824.37 410.97 754.75 511.22 755.99 521.84
6 554.15 33.93 693.56 84.12 710.72 82.27 718.53 38.16 711.64 -15.86 550.09 -15.86
5 513.11 964.66 487.26 926.75 469.56 920.85 365.02 1016.86 500.99 1016.86
8 628.05 561.51 608.07 540.23 545.33 515.13 508.19 561.37 545.97 650.26 597.57 672.98 599.37 672.39 633.38 581.13
5 -16.18 391.16 -16.18 431.98 49.53 475.25 86.25 433.28 72.21 412.50
7 240.91 440.60 157.92 458.07 152.63 462.17 185.30 561.26 220.05 603.33 241.52 580.66 256.29 549.64
5 851.47 392.61 838.31 406.56 842.48 543.01 901.99 513.25 910.55 433.37
5 864.04 733.81 885.05 699.57 836.25 599.82 835.41 599.08 765.77 673.88
5 744.33 729.93 722.78 748.88 733.42 802.11 778.96 792.76 788.57 762.57
7 411.19 479.15 414.24 479.59 483.67 420.46 493.77 381.82 347.86 347.15 291.51 370.26 305.71 394.77
8 555.77 859.84 559.23 853.78 551.76 829.45 518.05 775.34 419.00 769.27 408.65 779.34 402.19 824.25 473.48 887.79
5 957.09 541.55 942.47 553.41 922.91 601.22 981.18 660.81 981.18 535.03
5 836.25 599.82 885.05 699.57 981.18 677.57 981.18 660.81 922.91 601.22
5 206.45 799.27 374.40 774.26 225.33 629.57 221.98 628.14 164.06 749.04
8 347.86 347.15 367.12 260.46 342.39 246.12 327.00 244.39 277.23 281.95 275.09 288.09 281.81 367.96 291.51 370.26
7 275.09 288.09 224.06 276.00 164.00 276.00 171.97 291.75 223.21 366.00 261.53 374.93 281.81 367.96
6 402.19 824.25 408.65 779.34 374.40 774.26 206.45 799.27 266.95 1016.86 295.19 1016.86
5 884.53 186.09 863.66 193.36 869.72 336.22 981.18 310.44 981.18 180.63
6 884.53 186.09 905.69 82.94 841.29 57.89 798.75 114.25 828.94 175.11 863.66 193.36
3 308.02 505.57 411.19 479.15 305.71 394.77
6 374.40 774.26 408.65 779.34 419.00 769.27 414.15 699.69 370.95 662.81 225.33 629.57
6 171.97 291.75 164.00 276.00 144.76 256.76 111.31 298.70 107.92 345.50 137.72 371.66
6 419.00 769.27 518.05 775.34 597.57 672.98 545.97 650.26 460.06 642.79 414.15 699.69
4 -10.19 793.06 -16.18 792.40 -16.18 924.56 57.16 885.65
4 754.75 511.22 824.37 410.97 742.87 416.11 731.87 483.63
6 631.89 164.76 638.41 185.95 703.33 203.04 734.65 101.98 710.72 82.27 693.56 84.12
5 244.66 39.21 50.11 149.37 143.80 247.14 221.08 145.87 233.63 114.70
9 838.31 406.56 851.47 392.61 858.43 348.30 728.19 278.99 628.72 348.93 641.76 369.18 667.45 390.00 742.87 416.11 824.37 410.97
7 869.72 336.22 858.43 348.30 851.47 392.61 910.55 433.37 951.36 449.62 981.18 457.21 981.18 310.44
7 164.00 276.00 224.06 276.00 247.68 222.85 221.08 145.87 143.80 247.14 143.58 247.99 144.76 256.76
7 473.93 149.95 482.81 230.65 541.13 323.67 545.31 323.65 638.41 185.95 631.89 164.76 524.56 100.68
6 901.99 513.25 842.48 543.01 840.03 550.49 942.47 553.41 957.09 541.55 915.76 515.73
7 137.72 371.66 107.92 345.50 76.44 368.08 72.21 412.50 86.25 433.28 111.18 436.29 142.67 378.74
7 225.33 629.57 370.95 662.81 389.36 572.56 241.52 580.66 220.05 603.33 219.92 604.05 221.98 628.14
4 913.94 842.24 868.27 1016.86 981.18 1016.86 981.18 832.19
4 89.44 525.86 185.30 561.26 152.63 462.17 124.67 447.56
4 731.87 483.63 742.87 416.11 667.45 390.00 687.27 485.80
5 487.26 926.75 549.72 908.25 555.77 859.84 473.48 887.79 469.56 920.85
5 41.12 260.76 -16.18 257.32 -16.18 339.76 27.64 331.48 51.56 309.01
6 460.06 642.79 446.54 580.99 416.60 555.17 389.36 572.56 370.95 662.81 414.15 699.69
5 65.05 884.42 57.16 885.65 -16.18 924.56 -16.18 1016.86 186.29 1016.86
6 687.27 485.80 667.45 390.00 641.76 369.18 608.07 540.23 628.05 561.51 671.18 519.10
5 261.53 374.93 223.21 366.00 202.31 375.95 157.92 458.07 240.91 440.60
6 151.28 751.20 164.06 749.04 221.98 628.14 219.92 604.05 -16.18 594.08 -16.18 643.21
5 828.94 175.11 798.75 114.25 734.65 101.98 703.33 203.04 731.78 250.98
5 -16.18 643.21 -16.18 792.40 -10.19 793.06 147.60 754.07 151.28 751.20
7 206.45 799.27 164.06 749.04 151.28 751.20 147.60 754.07 65.05 884.42 186.29 1016.86 266.95 1016.86
7 291.51 370.26 281.81 367.96 261.53 374.93 240.91 440.60 256.29 549.64 308.02 505.57 305.71 394.77
5 72.21 412.50 76.44 368.08 27.64 331.48 -16.18 339.76 -16.18 391.16
7 733.42 802.11 686.73 864.84 685.85 884.26 694.54 897.72 740.97 910.17 796.85 850.41 778.96 792.76
