20
5 405.65 334.87 551.69 164.17 205.73 244.55 186.55 354.00 232.87 461.85
7 734.73 489.54 681.01 458.81 557.33 539.70 499.12 754.04 623.99 810.09 640.28 816.24 759.91 716.22
6 444.79 524.07 557.33 539.70 681.01 458.81 609.94 135.37 551.69 164.17 405.65 334.87
4 162.75 607.72 20.16 659.13 20.16 994.94 243.16 994.94
4 827.85 885.05 673.21 908.55 644.11 994.94 810.06 994.94
4 201.25 524.37 20.16 503.15 20.16 659.13 162.75 607.72
8 320.13 918.15 305.33 548.21 298.01 520.49 236.42 491.57 201.25 524.37 162.75 607.72 243.16 994.94 264.59 994.94
5 827.85 885.05 810.06 994.94 895.84 994.94 895.84 831.69 889.17 831.50
4 161.84 171.40 296.28 10.06 20.16 10.06 20.16 89.50
5 640.28 816.24 623.99 810.09 494.59 994.94 644.11 994.94 673.21 908.55
6 201.25 524.37 236.42 491.57 232.87 461.85 186.55 354.00 20.16 354.00 20.16 503.15
6 499.12 754.04 557.33 539.70 444.79 524.07 298.01 520.49 305.33 548.21 449.15 787.91
6 161.84 171.40 205.73 244.55 551.69 164.17 609.94 135.37 648.05 10.06 296.28 10.06
5 889.17 831.50 759.91 716.22 640.28 816.24 673.21 908.55 827.85 885.05
6 623.99 810.09 499.12 754.04 449.15 787.91 320.13 918.15 264.59 994.94 494.59 994.94
3 449.15 787.91 305.33 548.21 320.13 918.15
5 236.42 491.57 298.01 520.49 444.79 524.07 405.65 334.87 232.87 461.85
6 609.94 135.37 681.01 458.81 734.73 489.54 895.84 491.19 895.84 10.06 648.05 10.06
5 759.91 716.22 889.17 831.50 895.84 831.69 895.84 491.19 734.73 489.54
5 186.55 354.00 205.73 244.55 161.84 171.40 20.16 89.50 20.16 354.00
