500
5 67.25 97.12 83.23 82.29 89.21 31.50 16.26 70.93 21.00 74.00
9 443.07 661.46 470.07 621.54 469.74 619.22 462.50 610.20 419.29 593.52 381.83 582.91 365.20 594.82 377.35 644.65 422.38 671.81
5 20.08 585.48 23.55 574.80 -13.63 535.30 -19.92 533.78 -19.92 608.64
4 673.31 702.94 669.35 700.80 627.08 733.58 691.97 758.90
6 292.16 605.84 332.26 592.30 295.86 529.07 289.75 530.92 279.42 550.42 274.28 578.69
5 755.44 307.05 777.30 294.36 785.02 278.54 759.55 255.14 748.48 258.36
7 273.01 16.39 231.19 25.68 228.93 41.51 248.27 67.76 274.57 71.89 278.44 62.12 276.65 33.35
4 131.19 753.62 100.73 765.81 102.76 774.93 134.22 760.63
7 475.89 780.92 514.36 817.56 521.50 814.70 526.40 803.91 525.85 772.07 509.91 754.84 503.38 749.49
6 754.21 308.07 753.88 321.14 790.01 339.99 796.18 333.82 777.30 294.36 755.44 307.05
4 604.11 194.86 625.04 185.70 621.86 152.24 598.45 151.43
4 955.95 17.50 996.84 -19.98 915.57 -19.98 905.71 17.50
8 403.13 440.77 395.94 501.39 406.66 511.97 438.45 511.38 460.84 499.69 469.95 488.87 461.43 466.13 403.67 440.46
6 877.35 97.50 871.81 69.19 826.95 63.34 829.65 93.73 834.59 107.54 864.34 122.42
4 866.85 732.90 866.18 753.16 927.53 722.49 899.32 712.61
4 641.54 644.65 668.98 630.01 669.92 623.71 630.89 604.20
8 814.38 460.06 813.71 477.55 873.09 509.09 882.58 509.91 885.25 508.33 891.04 486.26 862.52 448.74 849.68 449.68
6 348.80 593.72 322.66 649.73 352.09 670.50 377.35 644.65 365.20 594.82 356.06 593.21
5 268.67 902.00 307.73 960.59 334.81 951.74 341.82 921.64 318.58 902.00
4 279.42 550.42 253.30 552.60 248.62 572.47 274.28 578.69
6 646.08 373.60 657.38 361.79 633.83 320.58 623.22 325.89 613.03 339.96 618.72 354.52
6 751.01 179.65 762.72 160.13 702.33 128.96 670.40 163.45 678.03 183.09 721.18 191.96
9 885.89 264.72 886.71 279.99 894.38 293.53 899.18 295.82 951.33 243.67 943.23 224.14 938.45 217.76 920.12 215.81 906.13 224.24
8 461.47 117.29 474.27 105.34 472.11 89.50 470.94 85.53 465.23 81.67 444.31 86.32 437.96 93.38 435.07 119.38
5 820.00 330.00 841.79 339.34 842.09 339.25 835.11 283.35 823.99 282.17
5 84.32 906.34 58.93 844.68 35.63 855.49 17.93 912.12 74.44 920.08
5 313.42 715.77 320.26 734.45 374.53 716.82 351.37 672.05 340.12 679.46
5 230.06 84.41 248.27 67.76 228.93 41.51 155.48 40.04 189.62 103.44
7 484.57 186.42 476.69 189.32 457.02 209.93 452.38 223.88 497.98 255.45 499.37 254.83 496.65 219.44
7 656.60 210.24 625.04 185.70 604.11 194.86 602.78 197.93 606.24 222.82 639.92 228.33 653.69 217.89
5 959.13 526.10 957.34 527.53 967.94 561.27 1015.92 544.14 1015.92 530.36
9 796.18 333.82 790.01 339.99 779.63 373.10 788.83 384.06 800.42 391.35 832.89 362.49 841.79 339.34 820.00 330.00 805.45 330.86
5 289.75 530.92 257.82 520.27 241.67 529.33 253.30 552.60 279.42 550.42
6 122.18 363.07 106.53 372.57 73.34 418.35 80.57 432.57 107.33 459.33 157.62 416.62
5 469.54 389.35 461.81 393.86 462.83 416.33 507.29 421.50 520.66 393.28
5 230.91 437.81 289.32 481.61 310.62 444.69 250.51 421.48 230.88 436.32
7 691.97 758.90 627.08 733.58 624.20 734.29 608.24 751.74 608.32 752.87 693.06 797.74 696.14 760.79
5 469.95 488.87 460.84 499.69 497.03 540.06 513.15 520.72 517.15 472.76
6 430.46 757.45 416.96 761.18 448.23 808.10 466.56 781.80 462.18 775.11 435.15 757.92
6 805.00 708.20 805.00 665.33 801.29 659.64 761.71 648.43 752.34 683.30 755.38 687.91
7 183.76 122.80 123.89 129.35 117.88 134.21 135.24 172.87 170.71 190.61 188.25 130.67 187.95 129.84
8 495.52 913.65 500.02 922.33 511.62 930.00 524.40 930.00 535.92 925.45 528.05 874.33 522.17 872.55 492.48 892.35
4 921.87 971.60 912.50 969.98 900.25 1018.98 937.66 1018.98
7 539.04 475.51 520.14 471.31 517.15 472.76 513.15 520.72 531.18 547.77 551.07 547.37 558.45 539.86
7 743.65 624.93 732.61 606.99 692.84 588.86 669.92 623.71 668.98 630.01 683.06 649.00 695.87 657.18
6 502.42 549.04 497.03 540.06 460.84 499.69 438.45 511.38 450.09 542.18 462.50 567.00
5 726.37 697.52 705.18 717.99 709.96 748.74 725.77 749.91 740.60 730.73
7 166.36 486.61 204.00 494.68 228.67 458.01 230.91 437.81 230.88 436.32 183.80 418.13 168.61 419.20
7 517.57 171.50 527.51 166.69 563.87 137.77 563.03 135.30 526.17 96.96 504.82 118.92 505.80 169.91
4 800.14 134.34 834.59 107.54 829.65 93.73 802.21 101.22
6 505.80 169.91 504.82 118.92 474.27 105.34 461.47 117.29 472.18 150.75 494.71 174.95
8 340.55 340.71 344.68 352.21 348.72 358.90 388.61 372.95 399.38 372.05 426.16 362.16 391.50 327.50 338.17 327.50
5 645.48 417.41 611.92 444.97 647.05 456.68 658.15 457.99 664.73 442.63
4 92.87 180.24 59.06 189.14 100.91 199.60 101.36 197.23
5 765.52 777.84 733.12 814.19 791.74 839.32 801.01 827.78 779.59 774.23
8 -2.77 403.27 43.55 382.43 44.88 366.79 39.82 357.75 36.01 353.26 25.15 349.02 -19.92 341.98 -19.92 396.92
5 985.62 317.79 968.12 329.31 985.85 375.40 1015.92 379.27 1015.92 318.44
6 762.43 723.13 797.57 754.76 807.30 750.65 813.43 725.45 805.00 708.20 755.38 687.91
4 276.65 33.35 278.44 62.12 283.12 57.25 313.50 -3.50
4 540.27 862.71 534.59 870.73 569.50 894.00 569.50 868.19
5 434.93 423.74 415.45 431.27 403.67 440.46 461.43 466.13 453.13 425.56
6 427.18 124.12 419.05 164.76 422.34 171.56 437.27 170.78 443.08 144.62 428.93 123.87
9 223.15 795.19 210.36 832.50 210.41 832.93 225.40 847.65 252.25 853.97 254.00 852.25 277.36 825.00 262.98 784.75 240.62 785.87
5 984.08 266.67 958.04 252.54 918.56 307.82 919.04 308.26 978.42 277.47
5 736.59 932.25 766.67 969.42 789.73 957.88 780.12 928.00 775.34 925.27
8 530.73 382.53 545.33 362.50 538.95 338.98 517.72 328.63 483.61 350.34 490.15 361.25 525.50 386.50 525.72 386.41
6 753.25 450.26 754.70 422.74 736.90 393.99 705.94 415.33 706.21 423.37 742.50 450.10
6 486.41 701.59 476.14 702.77 471.77 720.73 477.53 734.62 501.71 745.13 518.64 715.69
8 525.50 386.50 520.66 393.28 507.29 421.50 520.14 471.31 539.04 475.51 569.61 459.84 560.14 431.41 525.72 386.41
4 84.29 341.57 55.73 330.59 36.01 353.26 39.82 357.75
5 817.46 587.21 873.78 552.01 880.89 514.10 811.29 575.00 814.69 585.49
5 159.60 841.40 140.16 860.84 195.50 883.74 225.40 847.65 210.41 832.93
8 667.48 346.53 695.47 333.56 702.58 319.33 700.89 292.66 695.56 289.27 694.11 288.71 688.94 289.84 660.80 332.06
6 790.47 876.11 775.34 925.27 780.12 928.00 832.11 928.00 849.96 903.92 843.57 891.14
6 248.00 315.78 203.23 316.95 198.64 324.60 207.51 340.85 251.82 370.00 271.72 326.39
7 892.31 915.15 888.57 958.46 912.50 969.98 921.87 971.60 950.35 945.83 950.38 945.00 919.61 903.98
4 207.51 340.85 197.31 379.10 252.12 371.27 251.82 370.00
6 960.30 942.09 950.38 945.00 950.35 945.83 981.24 1018.98 1015.92 1018.98 1015.92 934.58
5 527.50 819.50 541.36 833.36 580.98 843.79 605.72 832.79 561.79 815.21
6 647.90 851.97 695.93 814.23 693.06 797.74 608.32 752.87 605.69 782.38 618.38 828.07
6 581.43 30.83 568.42 29.44 542.90 46.95 539.20 65.68 576.08 84.96 604.01 82.77
6 399.85 758.54 349.88 797.81 347.64 816.95 377.41 838.44 420.94 814.25 401.50 759.16
7 331.64 200.36 336.82 252.19 351.55 273.57 384.98 214.85 385.18 206.61 381.25 201.66 333.73 198.27
5 329.46 25.20 322.89 -18.87 313.50 -3.50 283.12 57.25 319.00 33.33
7 340.76 543.46 314.56 513.76 306.75 516.20 295.86 529.07 332.26 592.30 348.80 593.72 356.06 593.21
7 365.20 594.82 381.83 582.91 406.66 511.97 395.94 501.39 376.77 497.15 340.76 543.46 356.06 593.21
4 808.46 408.46 798.17 438.79 814.38 460.06 849.68 449.68
6 676.83 1003.78 642.51 960.34 574.71 969.04 573.47 972.00 605.62 1018.98 678.00 1018.98
5 64.51 810.97 72.88 794.24 68.27 764.59 33.99 778.31 48.40 804.72
6 451.54 888.08 440.74 866.48 391.73 876.63 391.02 888.70 432.92 913.29 446.25 901.92
6 945.55 868.49 960.16 811.43 935.07 782.01 918.43 786.29 902.48 850.09 936.11 874.34
7 810.17 667.06 856.65 663.96 863.08 640.72 862.59 639.82 814.40 646.96 801.29 659.64 805.00 665.33
6 784.63 154.82 800.14 134.34 802.21 101.22 777.33 68.87 754.38 93.70 768.26 155.31
6 548.76 700.69 586.32 744.34 608.24 751.74 624.20 734.29 608.65 672.12 560.78 659.94
7 678.03 183.09 670.40 163.45 650.60 146.64 639.80 146.15 621.86 152.24 625.04 185.70 656.60 210.24
5 613.03 339.96 592.07 330.83 563.15 362.50 585.30 375.91 618.72 354.52
7 569.61 459.84 539.04 475.51 558.45 539.86 576.86 541.33 613.50 523.97 613.69 523.86 584.25 458.05
8 250.51 421.48 257.23 401.32 255.38 380.79 252.12 371.27 197.31 379.10 190.48 393.20 183.80 418.13 230.88 436.32
4 878.05 699.98 861.93 715.33 866.85 732.90 899.32 712.61
10 318.58 902.00 341.82 921.64 369.97 912.63 391.02 888.70 391.73 876.63 383.36 849.09 377.41 838.44 347.64 816.95 344.79 818.62 325.11 870.03
6 405.63 195.54 385.18 206.61 384.98 214.85 438.19 243.73 452.38 223.88 457.02 209.93
6 566.62 403.31 593.62 400.85 585.30 375.91 563.15 362.50 545.33 362.50 530.73 382.53
5 592.44 148.97 588.46 144.91 563.87 137.77 527.51 166.69 575.32 184.62
6 716.15 947.06 656.18 870.43 649.61 866.99 627.29 907.98 642.51 960.34 676.83 1003.78
8 808.83 406.50 800.42 391.35 788.83 384.06 754.70 422.74 753.25 450.26 754.24 450.85 798.17 438.79 808.46 408.46
5 255.38 380.79 257.23 401.32 279.30 395.80 344.68 352.21 340.55 340.71
5 434.77 921.93 432.92 913.29 391.02 888.70 369.97 912.63 401.29 957.00
8 504.96 679.81 505.67 682.33 527.53 707.64 548.76 700.69 560.78 659.94 552.68 644.94 509.93 644.32 505.19 671.96
6 399.85 758.54 394.11 722.51 374.53 716.82 320.26 734.45 317.98 748.11 349.88 797.81
4 652.34 141.02 664.86 115.20 659.83 102.87 636.68 94.05
4 87.20 833.52 115.84 844.39 129.45 795.07 116.11 793.05
8 86.53 576.57 47.32 605.09 34.21 673.91 94.38 686.04 109.33 681.79 127.13 669.87 129.73 666.38 108.17 593.44
6 531.18 547.77 506.37 551.54 500.05 593.24 529.20 590.88 548.75 568.98 551.07 547.37
5 100.91 199.60 100.07 210.24 128.50 214.62 128.50 182.30 101.36 197.23
6 17.93 912.12 4.52 918.05 28.76 975.96 80.49 943.94 76.77 926.97 74.44 920.08
6 629.83 277.47 649.78 296.37 688.94 289.84 694.11 288.71 684.11 269.70 638.44 254.48
4 611.92 444.97 590.91 454.96 617.78 468.39 647.05 456.68
7 122.80 359.04 115.00 342.85 84.29 341.57 39.82 357.75 44.88 366.79 106.53 372.57 122.18 363.07
7 77.33 236.91 57.65 236.42 52.16 265.36 64.96 301.17 108.61 308.73 122.39 282.27 120.99 267.73
8 35.63 855.49 58.93 844.68 69.66 829.35 64.51 810.97 48.40 804.72 27.48 806.42 -19.92 815.64 -19.92 825.69
4 492.48 892.35 522.17 872.55 503.34 844.93 485.56 882.11
4 902.48 850.09 918.43 786.29 897.01 789.44 884.95 841.13
6 252.25 853.97 265.76 901.54 268.67 902.00 318.58 902.00 325.11 870.03 254.00 852.25
5 835.97 1018.98 865.86 1018.98 869.82 984.82 831.17 946.17 824.01 955.20
7 801.29 659.64 814.40 646.96 821.14 590.82 817.46 587.21 814.69 585.49 752.54 630.08 761.71 648.43
7 604.01 82.77 576.08 84.96 563.03 135.30 563.87 137.77 588.46 144.91 612.42 85.93 612.45 85.40
4 415.45 431.27 434.93 423.74 431.79 412.21 408.09 394.44
6 120.99 267.73 122.39 282.27 143.16 287.81 192.99 273.27 156.15 232.18 152.13 233.70
5 657.95 361.33 701.82 375.18 711.80 365.20 695.47 333.56 667.48 346.53
8 441.46 730.73 441.28 726.88 398.16 717.64 394.11 722.51 399.85 758.54 401.50 759.16 416.96 761.18 430.46 757.45
6 894.71 41.28 894.92 41.00 896.81 31.02 861.11 -19.98 859.58 -19.98 852.42 24.37
6 -19.92 524.07 -19.92 533.78 -13.63 535.30 68.70 529.41 73.86 514.67 35.75 482.31
4 23.90 280.11 8.19 243.44 -19.92 246.68 -19.92 301.14
6 575.01 292.91 575.50 288.48 550.37 262.01 538.35 265.09 525.04 287.27 542.27 333.21
5 894.92 41.00 941.00 41.00 955.95 17.50 905.71 17.50 896.81 31.02
6 248.55 238.92 251.82 226.47 238.84 191.41 173.68 196.73 167.74 217.36 195.50 230.08
6 714.92 487.31 769.73 505.58 754.24 450.85 753.25 450.26 742.50 450.10 718.24 471.93
6 725.77 749.91 765.52 777.84 779.59 774.23 797.57 754.76 762.43 723.13 740.60 730.73
5 788.83 384.06 779.63 373.10 746.09 370.44 736.90 393.99 754.70 422.74
7 403.13 440.77 403.67 440.46 415.45 431.27 408.09 394.44 399.38 372.05 388.61 372.95 386.81 429.00
5 276.83 689.23 313.42 715.77 340.12 679.46 283.39 654.64 280.65 654.37
4 18.64 170.23 -6.86 197.32 22.00 205.57 22.00 171.65
5 763.65 1018.98 808.95 1018.98 803.78 967.33 797.62 965.09 768.97 990.88
8 476.14 702.77 468.32 687.14 462.69 680.46 443.07 661.46 422.38 671.81 422.16 672.84 448.32 717.13 471.77 720.73
9 849.40 862.01 843.57 891.14 849.96 903.92 892.31 915.15 919.61 903.98 936.11 874.34 902.48 850.09 884.95 841.13 881.78 841.56
4 422.16 672.84 398.16 717.64 441.28 726.88 448.32 717.13
5 532.17 72.00 497.43 64.56 470.94 85.53 472.11 89.50 527.37 89.50
6 475.89 878.35 451.54 888.08 446.25 901.92 495.52 913.65 492.48 892.35 485.56 882.11
5 476.69 189.32 437.27 170.78 422.34 171.56 405.63 195.54 457.02 209.93
6 779.00 35.29 786.39 53.54 824.11 60.44 840.45 30.87 802.99 -19.98 776.33 -19.98
5 383.36 849.09 391.73 876.63 440.74 866.48 446.16 856.92 432.26 843.95
6 367.92 74.96 343.89 91.96 349.67 105.17 382.34 132.74 401.69 118.24 399.43 91.19
5 188.25 130.67 228.17 162.19 245.69 129.83 238.21 123.14 187.95 129.84
9 569.50 894.00 574.00 910.87 627.29 907.98 649.61 866.99 647.90 851.97 618.38 828.07 605.72 832.79 580.98 843.79 569.50 868.19
5 864.91 778.91 857.30 767.31 814.67 754.33 829.03 826.16 852.97 806.57
4 509.91 754.84 525.85 772.07 571.94 749.03 537.93 738.83
5 558.24 233.74 550.37 262.01 575.50 288.48 602.03 283.10 605.78 223.07
6 974.16 124.47 944.81 130.99 933.58 145.71 982.53 179.97 1015.92 176.72 1015.92 136.21
7 746.09 370.44 744.75 369.12 711.80 365.20 701.82 375.18 695.88 402.34 705.94 415.33 736.90 393.99
6 650.60 146.64 670.40 163.45 702.33 128.96 699.34 107.54 664.86 115.20 652.34 141.02
5 242.90 931.31 277.53 981.21 307.73 960.59 268.67 902.00 265.76 901.54
7 277.36 825.00 344.79 818.62 347.64 816.95 349.88 797.81 317.98 748.11 270.76 762.19 262.98 784.75
9 927.53 722.49 943.34 722.72 966.46 697.53 957.92 682.28 928.61 655.95 914.56 656.39 875.54 691.08 878.05 699.98 899.32 712.61
9 447.49 296.10 442.05 290.81 351.40 276.35 348.23 280.54 337.09 324.28 338.17 327.50 391.50 327.50 447.10 315.59 448.43 299.10
5 344.68 352.21 279.30 395.80 330.85 404.39 342.74 383.59 348.72 358.90
6 277.53 981.21 242.90 931.31 223.95 935.66 196.29 985.12 199.44 1018.98 274.09 1018.98
7 322.89 -18.87 329.46 25.20 339.79 38.84 372.49 44.15 376.54 35.15 385.36 -19.98 322.96 -19.98
4 992.85 885.14 960.30 942.09 1015.92 934.58 1015.92 890.68
6 835.02 228.58 885.89 264.72 906.13 224.24 843.00 179.14 839.64 180.44 830.29 218.40
6 526.17 96.96 563.03 135.30 576.08 84.96 539.20 65.68 532.17 72.00 527.37 89.50
7 577.88 611.90 553.76 642.05 552.68 644.94 560.78 659.94 608.65 672.12 621.47 659.01 602.11 602.87
6 645.19 53.02 672.93 77.99 706.31 84.66 702.76 31.42 672.86 -19.98 669.17 -19.98
5 796.18 333.82 805.45 330.86 801.27 276.55 785.02 278.54 777.30 294.36
5 811.29 575.00 880.89 514.10 882.58 509.91 873.09 509.09 784.99 534.59
5 982.53 179.97 938.45 217.76 943.23 224.14 1015.92 237.77 1015.92 176.72
6 52.16 265.36 29.96 279.03 34.63 304.70 41.36 306.86 62.54 303.33 64.96 301.17
6 462.50 610.20 469.74 619.22 500.05 593.24 506.37 551.54 502.42 549.04 462.50 567.00
6 50.62 175.12 59.59 151.71 34.71 145.79 6.03 147.22 18.64 170.23 22.00 171.65
6 185.50 532.50 185.50 535.67 215.59 542.35 220.50 532.36 204.16 496.71 194.36 505.93
3 185.50 532.50 194.36 505.93 181.47 516.40
7 351.52 158.84 367.88 160.08 379.96 142.13 382.34 132.74 349.67 105.17 334.34 134.44 343.42 150.00
5 55.73 330.59 62.54 303.33 41.36 306.86 25.15 349.02 36.01 353.26
5 89.21 31.50 107.55 14.10 -19.92 22.59 -19.92 62.66 16.26 70.93
6 537.93 738.83 571.94 749.03 586.32 744.34 548.76 700.69 527.53 707.64 525.52 709.87
6 189.62 103.44 155.48 40.04 146.29 33.79 129.13 66.40 123.89 129.35 183.76 122.80
5 462.36 848.82 446.16 856.92 440.74 866.48 451.54 888.08 475.89 878.35
5 784.99 534.59 873.09 509.09 813.71 477.55 776.67 515.67 780.85 531.87
4 803.78 967.33 808.95 1018.98 835.97 1018.98 824.01 955.20
7 129.14 504.79 149.57 533.29 181.47 516.40 194.36 505.93 204.16 496.71 204.00 494.68 166.36 486.61
5 587.44 28.61 634.83 61.42 645.19 53.02 669.17 -19.98 649.11 -19.98
5 852.97 806.57 829.03 826.16 828.22 827.29 849.40 862.01 881.78 841.56
5 6.03 147.22 34.71 145.79 32.68 133.59 -19.92 107.29 -19.92 126.19
8 899.18 295.82 894.38 293.53 855.47 337.20 875.45 367.18 924.09 335.71 926.13 320.31 919.04 308.26 918.56 307.82
5 683.06 649.00 668.98 630.01 641.54 644.65 633.91 655.32 652.74 667.66
9 659.85 499.33 648.71 525.55 666.64 557.66 676.11 562.01 698.61 547.18 709.13 535.61 714.40 515.10 706.21 497.69 673.80 495.38
6 517.72 328.63 506.91 307.66 448.43 299.10 447.10 315.59 448.01 330.23 483.61 350.34
5 210.43 743.61 210.20 743.71 201.74 772.59 223.15 795.19 240.62 785.87
7 612.42 85.93 639.80 146.15 650.60 146.64 652.34 141.02 636.68 94.05 619.24 81.69 612.45 85.40
5 736.37 88.71 733.03 41.85 702.76 31.42 706.31 84.66 708.17 86.95
7 453.13 425.56 461.43 466.13 469.95 488.87 517.15 472.76 520.14 471.31 507.29 421.50 462.83 416.33
8 950.68 81.55 952.75 76.26 941.00 41.00 894.92 41.00 894.71 41.28 893.98 45.22 925.12 84.14 947.79 83.30
5 476.14 702.77 486.41 701.59 505.67 682.33 504.96 679.81 468.32 687.14
6 248.00 248.52 248.45 248.03 248.55 238.92 195.50 230.08 195.50 274.38 205.36 280.10
4 780.64 867.18 732.24 838.15 725.62 885.86 730.97 892.02
5 109.33 681.79 94.38 686.04 80.90 730.54 100.73 765.81 131.19 753.62
4 -2.77 403.27 11.45 415.40 52.36 403.36 43.55 382.43
7 556.53 229.42 558.24 233.74 605.78 223.07 606.24 222.82 602.78 197.93 575.88 188.96 555.57 225.23
6 80.57 432.57 29.47 470.90 35.75 482.31 73.86 514.67 104.16 494.92 107.33 459.33
5 34.63 304.70 29.96 279.03 23.90 280.11 -19.92 301.14 -19.92 311.82
4 613.50 523.97 576.86 541.33 607.41 597.34 613.50 595.71
6 454.14 47.29 468.39 25.66 457.40 2.60 418.21 41.79 423.72 56.84 425.38 56.87
5 658.15 457.99 647.05 456.68 617.78 468.39 621.00 470.63 657.36 492.76
6 248.00 248.52 248.00 315.78 271.72 326.39 277.87 323.37 265.43 261.17 248.45 248.03
7 879.10 391.65 875.45 367.18 855.47 337.20 842.09 339.25 841.79 339.34 832.89 362.49 866.03 403.92
8 652.74 667.66 633.91 655.32 621.47 659.01 608.65 672.12 624.20 734.29 627.08 733.58 669.35 700.80 670.14 697.01
6 829.65 93.73 826.95 63.34 824.11 60.44 786.39 53.54 777.33 68.87 802.21 101.22
6 437.96 93.38 444.31 86.32 425.38 56.87 423.72 56.84 416.13 62.79 409.72 80.20
5 884.95 841.13 897.01 789.44 864.91 778.91 852.97 806.57 881.78 841.56
7 130.61 -2.14 146.29 33.79 155.48 40.04 228.93 41.51 231.19 25.68 230.34 -19.98 131.34 -19.98
4 231.19 25.68 273.01 16.39 276.65 -19.98 230.34 -19.98
6 500.02 922.33 495.52 913.65 446.25 901.92 432.92 913.29 434.77 921.93 452.71 940.42
9 351.55 273.57 336.82 252.19 294.41 215.63 251.82 226.47 248.55 238.92 248.45 248.03 265.43 261.17 348.23 280.54 351.40 276.35
7 613.69 523.86 613.50 523.97 613.50 595.71 622.89 594.45 666.64 557.66 648.71 525.55 621.00 524.05
8 918.43 786.29 935.07 782.01 943.34 722.72 927.53 722.49 866.18 753.16 857.30 767.31 864.91 778.91 897.01 789.44
6 447.98 809.61 440.03 812.89 432.26 843.95 446.16 856.92 462.36 848.82 471.34 831.70
7 149.43 915.65 128.50 884.25 84.32 906.34 74.44 920.08 76.77 926.97 135.75 933.53 146.15 922.69
6 699.34 107.54 708.17 86.95 706.31 84.66 672.93 77.99 659.83 102.87 664.86 115.20
6 130.61 -2.14 107.55 14.10 89.21 31.50 83.23 82.29 129.13 66.40 146.29 33.79
6 823.99 282.17 835.11 283.35 886.71 279.99 885.89 264.72 835.02 228.58 815.19 276.50
6 501.71 745.13 503.38 749.49 509.91 754.84 537.93 738.83 525.52 709.87 518.64 715.69
6 483.61 350.34 448.01 330.23 431.58 358.98 461.81 393.86 469.54 389.35 490.15 361.25
8 337.09 324.28 277.87 323.37 271.72 326.39 251.82 370.00 252.12 371.27 255.38 380.79 340.55 340.71 338.17 327.50
7 195.50 883.74 195.50 915.11 223.95 935.66 242.90 931.31 265.76 901.54 252.25 853.97 225.40 847.65
4 921.87 971.60 937.66 1018.98 981.24 1018.98 950.35 945.83
5 443.08 144.62 472.18 150.75 461.47 117.29 435.07 119.38 428.93 123.87
7 813.43 725.45 834.22 710.38 835.88 705.68 832.54 683.47 810.17 667.06 805.00 665.33 805.00 708.20
5 694.87 669.63 695.87 657.18 683.06 649.00 652.74 667.66 670.14 697.01
6 343.89 91.96 367.92 74.96 372.97 45.90 372.49 44.15 339.79 38.84 319.51 84.49
4 27.48 806.42 15.26 757.54 -19.92 742.46 -19.92 815.64
7 419.05 164.76 379.96 142.13 367.88 160.08 381.25 201.66 385.18 206.61 405.63 195.54 422.34 171.56
5 984.08 266.67 978.42 277.47 985.62 317.79 1015.92 318.44 1015.92 253.82
5 228.67 458.01 254.84 491.93 288.81 487.50 289.32 481.61 230.91 437.81
5 919.04 308.26 926.13 320.31 968.12 329.31 985.62 317.79 978.42 277.47
5 741.03 259.56 715.10 287.85 754.21 308.07 755.44 307.05 748.48 258.36
5 950.68 81.55 962.38 89.12 1015.92 102.05 1015.92 32.24 952.75 76.26
6 1015.92 253.82 1015.92 237.77 943.23 224.14 951.33 243.67 958.04 252.54 984.08 266.67
5 985.85 375.40 947.28 396.44 953.26 439.44 1015.92 440.52 1015.92 379.27
7 905.19 433.39 919.87 462.75 943.52 453.84 953.26 439.44 947.28 396.44 931.15 386.01 907.77 392.17
6 248.62 572.47 220.56 579.30 242.52 629.81 272.16 633.93 292.16 605.84 274.28 578.69
6 931.15 386.01 947.28 396.44 985.85 375.40 968.12 329.31 926.13 320.31 924.09 335.71
7 435.07 119.38 437.96 93.38 409.72 80.20 399.43 91.19 401.69 118.24 427.18 124.12 428.93 123.87
5 22.00 205.57 50.05 223.60 54.96 189.86 50.62 175.12 22.00 171.65
6 173.00 969.78 155.84 966.26 135.97 971.94 159.49 1018.98 199.44 1018.98 196.29 985.12
7 469.05 740.76 477.53 734.62 471.77 720.73 448.32 717.13 441.28 726.88 441.46 730.73 463.89 741.95
6 911.01 152.08 920.12 215.81 938.45 217.76 982.53 179.97 933.58 145.71 917.33 148.06
7 423.72 56.84 418.21 41.79 415.75 37.95 376.54 35.15 372.49 44.15 372.97 45.90 416.13 62.79
6 391.50 327.50 426.16 362.16 426.51 362.06 431.58 358.98 448.01 330.23 447.10 315.59
5 931.15 386.01 924.09 335.71 875.45 367.18 879.10 391.65 907.77 392.17
5 649.11 -19.98 562.39 -19.98 568.42 29.44 581.43 30.83 587.44 28.61
5 574.71 969.04 642.51 960.34 627.29 907.98 574.00 910.87 556.86 924.41
6 862.55 680.78 875.54 691.08 914.56 656.39 863.08 640.72 856.65 663.96 856.71 665.34
6 801.27 276.55 805.45 330.86 820.00 330.00 823.99 282.17 815.19 276.50 801.40 276.50
8 709.96 748.74 696.14 760.79 693.06 797.74 695.93 814.23 724.80 819.16 733.12 814.19 765.52 777.84 725.77 749.91
4 33.99 778.31 68.27 764.59 67.78 753.15 16.80 758.08
7 497.98 255.45 447.49 296.10 448.43 299.10 506.91 307.66 525.04 287.27 538.35 265.09 499.37 254.83
9 814.69 585.49 811.29 575.00 784.99 534.59 780.85 531.87 768.29 541.24 751.62 562.32 732.61 606.99 743.65 624.93 752.54 630.08
7 310.62 444.69 311.32 444.65 325.38 432.84 330.85 404.39 279.30 395.80 257.23 401.32 250.51 421.48
5 262.98 784.75 270.76 762.19 236.28 723.98 210.43 743.61 240.62 785.87
6 861.93 715.33 878.05 699.98 875.54 691.08 862.55 680.78 835.88 705.68 834.22 710.38
7 100.73 765.81 80.90 730.54 67.78 753.15 68.27 764.59 72.88 794.24 99.42 785.90 102.76 774.93
7 123.89 129.35 129.13 66.40 83.23 82.29 67.25 97.12 88.53 131.41 101.57 135.30 117.88 134.21
5 843.00 179.14 906.13 224.24 920.12 215.81 911.01 152.08 871.29 148.27
4 410.92 -19.98 385.36 -19.98 376.54 35.15 415.75 37.95
6 776.67 515.67 773.73 512.73 714.40 515.10 709.13 535.61 768.29 541.24 780.85 531.87
6 457.40 2.60 468.39 25.66 473.60 27.48 519.14 19.89 524.12 -19.98 449.01 -19.98
5 742.50 450.10 706.21 423.37 686.64 440.76 694.67 461.22 718.24 471.93
6 657.38 361.79 657.95 361.33 667.48 346.53 660.80 332.06 646.87 309.18 633.83 320.58
4 201.74 772.59 179.31 789.04 210.36 832.50 223.15 795.19
6 401.50 759.16 420.94 814.25 440.03 812.89 447.98 809.61 448.23 808.10 416.96 761.18
7 317.00 150.00 317.00 132.36 287.68 110.07 281.42 122.02 280.77 158.35 301.50 170.41 307.49 169.01
5 751.62 562.32 698.61 547.18 676.11 562.01 692.84 588.86 732.61 606.99
8 319.00 84.54 289.78 88.49 287.68 110.07 317.00 132.36 334.34 134.44 349.67 105.17 343.89 91.96 319.51 84.49
7 102.76 774.93 99.42 785.90 116.11 793.05 129.45 795.07 150.76 782.59 150.65 781.99 134.22 760.63
4 68.70 529.41 -13.63 535.30 23.55 574.80 69.25 538.56
4 454.14 47.29 425.38 56.87 444.31 86.32 465.23 81.67
7 150.76 782.59 155.12 786.13 179.31 789.04 201.74 772.59 210.20 743.71 180.41 735.69 150.65 781.99
7 840.45 30.87 824.11 60.44 826.95 63.34 871.81 69.19 893.98 45.22 894.71 41.28 852.42 24.37
5 589.33 787.67 526.40 803.91 521.50 814.70 527.50 819.50 561.79 815.21
5 438.45 511.38 406.66 511.97 381.83 582.91 419.29 593.52 450.09 542.18
6 669.92 623.71 692.84 588.86 676.11 562.01 666.64 557.66 622.89 594.45 630.89 604.20
6 322.89 -18.87 322.96 -19.98 276.65 -19.98 273.01 16.39 276.65 33.35 313.50 -3.50
7 621.00 470.63 617.78 468.39 590.91 454.96 588.61 455.12 584.25 458.05 613.69 523.86 621.00 524.05
6 494.71 174.95 472.18 150.75 443.08 144.62 437.27 170.78 476.69 189.32 484.57 186.42
8 925.43 594.80 926.23 593.89 917.73 530.78 885.25 508.33 882.58 509.91 880.89 514.10 873.78 552.01 876.99 569.42
5 420.94 814.25 377.41 838.44 383.36 849.09 432.26 843.95 440.03 812.89
7 834.59 107.54 800.14 134.34 784.63 154.82 839.64 180.44 843.00 179.14 871.29 148.27 864.34 122.42
6 966.46 697.53 943.34 722.72 935.07 782.01 960.16 811.43 1015.92 801.55 1015.92 703.07
7 754.24 450.85 769.73 505.58 773.73 512.73 776.67 515.67 813.71 477.55 814.38 460.06 798.17 438.79
6 700.89 292.66 702.58 319.33 740.76 336.44 753.88 321.14 754.21 308.07 715.10 287.85
4 660.80 332.06 688.94 289.84 649.78 296.37 646.87 309.18
7 183.80 418.13 190.48 393.20 168.79 338.97 122.80 359.04 122.18 363.07 157.62 416.62 168.61 419.20
6 198.64 324.60 186.59 327.11 168.79 338.97 190.48 393.20 197.31 379.10 207.51 340.85
8 768.97 990.88 766.67 969.42 736.59 932.25 736.15 932.20 716.15 947.06 676.83 1003.78 678.00 1018.98 763.65 1018.98
4 343.42 150.00 334.34 134.44 317.00 132.36 317.00 150.00
6 602.78 197.93 604.11 194.86 598.45 151.43 592.44 148.97 575.32 184.62 575.88 188.96
7 195.50 274.38 192.99 273.27 143.16 287.81 186.59 327.11 198.64 324.60 203.23 316.95 205.36 280.10
6 783.64 867.13 791.74 839.32 733.12 814.19 724.80 819.16 732.24 838.15 780.64 867.18
7 434.93 423.74 453.13 425.56 462.83 416.33 461.81 393.86 431.58 358.98 426.51 362.06 431.79 412.21
5 281.42 122.02 245.69 129.83 228.17 162.19 239.77 187.24 280.77 158.35
5 25.15 349.02 41.36 306.86 34.63 304.70 -19.92 311.82 -19.92 341.98
10 522.17 872.55 528.05 874.33 534.59 870.73 540.27 862.71 541.36 833.36 527.50 819.50 521.50 814.70 514.36 817.56 501.93 829.07 503.34 844.93
6 80.57 432.57 73.34 418.35 64.87 415.87 24.58 441.65 21.19 462.79 29.47 470.90
6 740.76 336.44 744.75 369.12 746.09 370.44 779.63 373.10 790.01 339.99 753.88 321.14
5 457.40 2.60 449.01 -19.98 410.92 -19.98 415.75 37.95 418.21 41.79
4 254.00 852.25 325.11 870.03 344.79 818.62 277.36 825.00
5 329.82 172.84 351.52 158.84 343.42 150.00 317.00 150.00 307.49 169.01
5 330.85 404.39 325.38 432.84 354.06 440.01 374.79 429.00 342.74 383.59
5 953.26 439.44 943.52 453.84 967.77 488.95 1015.92 487.72 1015.92 440.52
5 917.73 530.78 926.23 593.89 965.98 587.37 967.94 561.27 957.34 527.53
6 905.19 433.39 907.77 392.17 879.10 391.65 866.03 403.92 864.47 406.50 864.80 408.53
5 340.15 494.44 370.31 494.86 354.06 440.01 325.38 432.84 311.32 444.65
5 26.46 1018.98 87.69 1018.98 99.35 974.53 80.49 943.94 28.76 975.96
5 322.66 649.73 283.39 654.64 340.12 679.46 351.37 672.05 352.09 670.50
7 509.93 644.32 552.68 644.94 553.76 642.05 529.20 590.88 500.05 593.24 469.74 619.22 470.07 621.54
6 503.34 844.93 501.93 829.07 471.34 831.70 462.36 848.82 475.89 878.35 485.56 882.11
6 64.96 301.17 62.54 303.33 55.73 330.59 84.29 341.57 115.00 342.85 108.61 308.73
7 623.22 325.89 603.27 283.16 602.03 283.10 575.50 288.48 575.01 292.91 592.07 330.83 613.03 339.96
6 785.02 278.54 801.27 276.55 801.40 276.50 798.97 227.87 770.97 223.42 759.55 255.14
5 438.19 243.73 384.98 214.85 351.55 273.57 351.40 276.35 442.05 290.81
7 699.34 107.54 702.33 128.96 762.72 160.13 768.26 155.31 754.38 93.70 736.37 88.71 708.17 86.95
4 463.89 741.95 441.46 730.73 430.46 757.45 435.15 757.92
4 203.23 316.95 248.00 315.78 248.00 248.52 205.36 280.10
5 543.07 999.71 536.49 990.45 498.72 976.06 470.60 1018.98 541.12 1018.98
7 560.14 431.41 569.61 459.84 584.25 458.05 588.61 455.12 594.65 401.95 593.62 400.85 566.62 403.31
6 619.24 81.69 634.83 61.42 587.44 28.61 581.43 30.83 604.01 82.77 612.45 85.40
6 21.00 74.00 16.26 70.93 -19.92 62.66 -19.92 107.29 32.68 133.59 39.50 129.50
4 340.64 962.13 342.87 1018.98 425.93 1018.98 402.23 974.45
5 862.52 448.74 891.04 486.26 919.87 462.75 905.19 433.39 864.80 408.53
5 107.55 14.10 130.61 -2.14 131.34 -19.98 -19.92 -19.98 -19.92 22.59
5 912.50 969.98 888.57 958.46 869.82 984.82 865.86 1018.98 900.25 1018.98
5 814.40 646.96 862.59 639.82 860.11 612.96 856.68 608.59 821.14 590.82
6 21.19 462.79 24.58 441.65 11.45 415.40 -2.77 403.27 -19.92 396.92 -19.92 464.23
7 50.05 223.60 22.00 205.57 -6.86 197.32 -19.92 200.00 -19.92 246.68 8.19 243.44 52.28 231.74
8 813.43 725.45 807.30 750.65 814.67 754.33 857.30 767.31 866.18 753.16 866.85 732.90 861.93 715.33 834.22 710.38
6 864.47 406.50 808.83 406.50 808.46 408.46 849.68 449.68 862.52 448.74 864.80 408.53
7 606.24 222.82 605.78 223.07 602.03 283.10 603.27 283.16 629.83 277.47 638.44 254.48 639.92 228.33
10 73.86 514.67 68.70 529.41 69.25 538.56 86.53 576.57 108.17 593.44 152.94 556.13 152.26 541.21 149.57 533.29 129.14 504.79 104.16 494.92
5 108.17 593.44 129.73 666.38 158.27 656.79 189.17 580.28 152.94 556.13
4 490.15 361.25 469.54 389.35 520.66 393.28 525.50 386.50
5 525.52 709.87 527.53 707.64 505.67 682.33 486.41 701.59 518.64 715.69
6 301.50 170.41 301.50 205.00 331.64 200.36 333.73 198.27 329.82 172.84 307.49 169.01
6 919.61 903.98 950.38 945.00 960.30 942.09 992.85 885.14 945.55 868.49 936.11 874.34
6 101.57 135.30 92.87 180.24 101.36 197.23 128.50 182.30 135.24 172.87 117.88 134.21
4 835.88 705.68 862.55 680.78 856.71 665.34 832.54 683.47
7 108.61 308.73 115.00 342.85 122.80 359.04 168.79 338.97 186.59 327.11 143.16 287.81 122.39 282.27
5 238.21 123.14 230.06 84.41 189.62 103.44 183.76 122.80 187.95 129.84
5 342.74 383.59 374.79 429.00 386.81 429.00 388.61 372.95 348.72 358.90
8 245.69 129.83 281.42 122.02 287.68 110.07 289.78 88.49 274.57 71.89 248.27 67.76 230.06 84.41 238.21 123.14
6 752.34 683.30 727.50 695.46 726.37 697.52 740.60 730.73 762.43 723.13 755.38 687.91
6 170.71 190.61 173.68 196.73 238.84 191.41 239.77 187.24 228.17 162.19 188.25 130.67
6 497.43 64.56 473.60 27.48 468.39 25.66 454.14 47.29 465.23 81.67 470.94 85.53
7 761.71 648.43 752.54 630.08 743.65 624.93 695.87 657.18 694.87 669.63 727.50 695.46 752.34 683.30
6 588.46 144.91 592.44 148.97 598.45 151.43 621.86 152.24 639.80 146.15 612.42 85.93
5 967.94 561.27 965.98 587.37 986.72 598.10 1015.92 594.80 1015.92 544.14
5 621.00 470.63 621.00 524.05 648.71 525.55 659.85 499.33 657.36 492.76
5 452.38 223.88 438.19 243.73 442.05 290.81 447.49 296.10 497.98 255.45
4 709.13 535.61 698.61 547.18 751.62 562.32 768.29 541.24
5 711.80 365.20 744.75 369.12 740.76 336.44 702.58 319.33 695.47 333.56
8 891.04 486.26 885.25 508.33 917.73 530.78 957.34 527.53 959.13 526.10 967.77 488.95 943.52 453.84 919.87 462.75
5 416.13 62.79 372.97 45.90 367.92 74.96 399.43 91.19 409.72 80.20
6 72.88 794.24 64.51 810.97 69.66 829.35 87.20 833.52 116.11 793.05 99.42 785.90
8 128.50 182.30 128.50 214.62 152.13 233.70 156.15 232.18 167.74 217.36 173.68 196.73 170.71 190.61 135.24 172.87
6 947.79 83.30 925.12 84.14 912.59 97.50 917.33 148.06 933.58 145.71 944.81 130.99
5 855.47 337.20 894.38 293.53 886.71 279.99 835.11 283.35 842.09 339.25
4 468.32 687.14 504.96 679.81 505.19 671.96 462.69 680.46
5 986.72 598.10 957.92 682.28 966.46 697.53 1015.92 703.07 1015.92 594.80
7 741.03 259.56 748.48 258.36 759.55 255.14 770.97 223.42 751.01 179.65 721.18 191.96 715.67 229.78
6 157.62 416.62 107.33 459.33 104.16 494.92 129.14 504.79 166.36 486.61 168.61 419.20
5 128.50 214.62 100.07 210.24 77.33 236.91 120.99 267.73 152.13 233.70
5 223.95 935.66 195.50 915.11 167.68 919.23 173.00 969.78 196.29 985.12
7 466.56 781.80 475.89 780.92 503.38 749.49 501.71 745.13 477.53 734.62 469.05 740.76 462.18 775.11
5 146.15 922.69 135.75 933.53 115.26 969.05 135.97 971.94 155.84 966.26
4 951.33 243.67 899.18 295.82 918.56 307.82 958.04 252.54
8 622.89 594.45 613.50 595.71 607.41 597.34 602.11 602.87 621.47 659.01 633.91 655.32 641.54 644.65 630.89 604.20
6 288.81 487.50 254.84 491.93 257.82 520.27 289.75 530.92 295.86 529.07 306.75 516.20
7 115.84 844.39 87.20 833.52 69.66 829.35 58.93 844.68 84.32 906.34 128.50 884.25 134.46 863.38
5 694.67 461.22 673.80 495.38 706.21 497.69 714.92 487.31 718.24 471.93
6 539.20 65.68 542.90 46.95 519.14 19.89 473.60 27.48 497.43 64.56 532.17 72.00
4 294.41 215.63 336.82 252.19 331.64 200.36 301.50 205.00
7 801.01 827.78 791.74 839.32 783.64 867.13 790.47 876.11 843.57 891.14 849.40 862.01 828.22 827.29
6 534.59 870.73 528.05 874.33 535.92 925.45 556.86 924.41 574.00 910.87 569.50 894.00
6 646.08 373.60 645.84 391.81 695.88 402.34 701.82 375.18 657.95 361.33 657.38 361.79
5 195.50 230.08 167.74 217.36 156.15 232.18 192.99 273.27 195.50 274.38
4 768.97 990.88 797.62 965.09 789.73 957.88 766.67 969.42
8 67.78 753.15 80.90 730.54 94.38 686.04 34.21 673.91 -19.92 680.88 -19.92 742.46 15.26 757.54 16.80 758.08
6 912.59 97.50 877.35 97.50 864.34 122.42 871.29 148.27 911.01 152.08 917.33 148.06
6 369.97 912.63 341.82 921.64 334.81 951.74 340.64 962.13 402.23 974.45 401.29 957.00
5 542.27 333.21 525.04 287.27 506.91 307.66 517.72 328.63 538.95 338.98
5 20.08 585.48 -19.92 608.64 -19.92 680.88 34.21 673.91 47.32 605.09
7 576.86 541.33 558.45 539.86 551.07 547.37 548.75 568.98 577.88 611.90 602.11 602.87 607.41 597.34
6 319.00 33.33 283.12 57.25 278.44 62.12 274.57 71.89 289.78 88.49 319.00 84.54
5 401.69 118.24 382.34 132.74 379.96 142.13 419.05 164.76 427.18 124.12
5 679.69 240.53 684.11 269.70 694.11 288.71 695.56 289.27 710.45 233.43
7 694.87 669.63 670.14 697.01 669.35 700.80 673.31 702.94 705.18 717.99 726.37 697.52 727.50 695.46
5 152.26 541.21 185.50 535.67 185.50 532.50 181.47 516.40 149.57 533.29
8 645.08 393.12 645.48 417.41 664.73 442.63 686.64 440.76 706.21 423.37 705.94 415.33 695.88 402.34 645.84 391.81
4 840.45 30.87 852.42 24.37 859.58 -19.98 802.99 -19.98
7 236.28 723.98 270.76 762.19 317.98 748.11 320.26 734.45 313.42 715.77 276.83 689.23 238.65 712.53
7 374.79 429.00 354.06 440.01 370.31 494.86 376.77 497.15 395.94 501.39 403.13 440.77 386.81 429.00
5 408.09 394.44 431.79 412.21 426.51 362.06 426.16 362.16 399.38 372.05
5 725.62 885.86 656.18 870.43 716.15 947.06 736.15 932.20 730.97 892.02
5 639.92 228.33 638.44 254.48 684.11 269.70 679.69 240.53 653.69 217.89
4 462.18 775.11 469.05 740.76 463.89 741.95 435.15 757.92
4 962.38 89.12 974.16 124.47 1015.92 136.21 1015.92 102.05
5 605.72 832.79 618.38 828.07 605.69 782.38 589.33 787.67 561.79 815.21
5 -6.86 197.32 18.64 170.23 6.03 147.22 -19.92 126.19 -19.92 200.00
6 941.00 41.00 952.75 76.26 1015.92 32.24 1015.92 -19.98 996.84 -19.98 955.95 17.50
7 204.16 496.71 220.50 532.36 241.67 529.33 257.82 520.27 254.84 491.93 228.67 458.01 204.00 494.68
5 472.11 89.50 474.27 105.34 504.82 118.92 526.17 96.96 527.37 89.50
6 57.65 236.42 52.28 231.74 8.19 243.44 23.90 280.11 29.96 279.03 52.16 265.36
6 646.87 309.18 649.78 296.37 629.83 277.47 603.27 283.16 623.22 325.89 633.83 320.58
4 580.98 843.79 541.36 833.36 540.27 862.71 569.50 868.19
6 158.27 656.79 191.02 660.36 242.52 629.81 220.56 579.30 210.91 573.03 189.17 580.28
4 832.54 683.47 856.71 665.34 856.65 663.96 810.17 667.06
6 636.68 94.05 659.83 102.87 672.93 77.99 645.19 53.02 634.83 61.42 619.24 81.69
8 88.53 131.41 60.61 150.61 59.59 151.71 50.62 175.12 54.96 189.86 59.06 189.14 92.87 180.24 101.57 135.30
8 100.91 199.60 59.06 189.14 54.96 189.86 50.05 223.60 52.28 231.74 57.65 236.42 77.33 236.91 100.07 210.24
4 450.09 542.18 419.29 593.52 462.50 610.20 462.50 567.00
7 452.16 966.70 452.71 940.42 434.77 921.93 401.29 957.00 402.23 974.45 425.93 1018.98 428.58 1018.98
7 732.24 838.15 724.80 819.16 695.93 814.23 647.90 851.97 649.61 866.99 656.18 870.43 725.62 885.86
4 64.87 415.87 52.36 403.36 11.45 415.40 24.58 441.65
5 167.68 919.23 149.43 915.65 146.15 922.69 155.84 966.26 173.00 969.78
6 832.11 928.00 831.17 946.17 869.82 984.82 888.57 958.46 892.31 915.15 849.96 903.92
5 531.18 547.77 513.15 520.72 497.03 540.06 502.42 549.04 506.37 551.54
7 556.53 229.42 555.57 225.23 517.57 171.50 505.80 169.91 494.71 174.95 484.57 186.42 496.65 219.44
5 511.62 930.00 497.77 958.41 498.72 976.06 536.49 990.45 524.40 930.00
7 195.50 883.74 140.16 860.84 134.46 863.38 128.50 884.25 149.43 915.65 167.68 919.23 195.50 915.11
5 498.72 976.06 497.77 958.41 452.16 966.70 428.58 1018.98 470.60 1018.98
6 710.45 233.43 695.56 289.27 700.89 292.66 715.10 287.85 741.03 259.56 715.67 229.78
6 914.56 656.39 928.61 655.95 924.07 597.81 860.11 612.96 862.59 639.82 863.08 640.72
8 770.97 223.42 798.97 227.87 830.29 218.40 839.64 180.44 784.63 154.82 768.26 155.31 762.72 160.13 751.01 179.65
6 242.52 629.81 191.02 660.36 238.65 712.53 276.83 689.23 280.65 654.37 272.16 633.93
5 21.19 462.79 -19.92 464.23 -19.92 524.07 35.75 482.31 29.47 470.90
7 829.03 826.16 814.67 754.33 807.30 750.65 797.57 754.76 779.59 774.23 801.01 827.78 828.22 827.29
7 448.23 808.10 447.98 809.61 471.34 831.70 501.93 829.07 514.36 817.56 475.89 780.92 466.56 781.80
7 280.77 158.35 239.77 187.24 238.84 191.41 251.82 226.47 294.41 215.63 301.50 205.00 301.50 170.41
6 150.65 781.99 180.41 735.69 127.13 669.87 109.33 681.79 131.19 753.62 134.22 760.63
6 106.53 372.57 44.88 366.79 43.55 382.43 52.36 403.36 64.87 415.87 73.34 418.35
4 348.23 280.54 265.43 261.17 277.87 323.37 337.09 324.28
6 563.15 362.50 592.07 330.83 575.01 292.91 542.27 333.21 538.95 338.98 545.33 362.50
7 957.92 682.28 986.72 598.10 965.98 587.37 926.23 593.89 925.43 594.80 924.07 597.81 928.61 655.95
5 60.61 150.61 88.53 131.41 67.25 97.12 21.00 74.00 39.50 129.50
5 135.97 971.94 115.26 969.05 99.35 974.53 87.69 1018.98 159.49 1018.98
5 505.19 671.96 509.93 644.32 470.07 621.54 443.07 661.46 462.69 680.46
7 721.18 191.96 678.03 183.09 656.60 210.24 653.69 217.89 679.69 240.53 710.45 233.43 715.67 229.78
4 560.14 431.41 566.62 403.31 530.73 382.53 525.72 386.41
5 960.16 811.43 945.55 868.49 992.85 885.14 1015.92 890.68 1015.92 801.55
7 524.40 930.00 536.49 990.45 543.07 999.71 573.47 972.00 574.71 969.04 556.86 924.41 535.92 925.45
4 529.20 590.88 553.76 642.05 577.88 611.90 548.75 568.98
5 339.79 38.84 329.46 25.20 319.00 33.33 319.00 84.54 319.51 84.49
5 76.77 926.97 80.49 943.94 99.35 974.53 115.26 969.05 135.75 933.53
7 789.73 957.88 797.62 965.09 803.78 967.33 824.01 955.20 831.17 946.17 832.11 928.00 780.12 928.00
5 519.14 19.89 542.90 46.95 568.42 29.44 562.39 -19.98 524.12 -19.98
6 754.38 93.70 777.33 68.87 786.39 53.54 779.00 35.29 733.03 41.85 736.37 88.71
5 28.76 975.96 4.52 918.05 -19.92 916.87 -19.92 1018.98 26.46 1018.98
5 555.57 225.23 575.88 188.96 575.32 184.62 527.51 166.69 517.57 171.50
6 594.65 401.95 588.61 455.12 590.91 454.96 611.92 444.97 645.48 417.41 645.08 393.12
7 332.26 592.30 292.16 605.84 272.16 633.93 280.65 654.37 283.39 654.64 322.66 649.73 348.80 593.72
5 497.77 958.41 511.62 930.00 500.02 922.33 452.71 940.42 452.16 966.70
5 709.96 748.74 705.18 717.99 673.31 702.94 691.97 758.90 696.14 760.79
5 210.36 832.50 179.31 789.04 155.12 786.13 159.60 841.40 210.41 832.93
5 962.38 89.12 950.68 81.55 947.79 83.30 944.81 130.99 974.16 124.47
5 23.55 574.80 20.08 585.48 47.32 605.09 86.53 576.57 69.25 538.56
4 967.77 488.95 959.13 526.10 1015.92 530.36 1015.92 487.72
5 32.68 133.59 34.71 145.79 59.59 151.71 60.61 150.61 39.50 129.50
7 790.47 876.11 783.64 867.13 780.64 867.18 730.97 892.02 736.15 932.20 736.59 932.25 775.34 925.27
5 33.99 778.31 16.80 758.08 15.26 757.54 27.48 806.42 48.40 804.72
4 896.81 31.02 905.71 17.50 915.57 -19.98 861.11 -19.98
5 925.12 84.14 893.98 45.22 871.81 69.19 877.35 97.50 912.59 97.50
5 314.56 513.76 340.76 543.46 376.77 497.15 370.31 494.86 340.15 494.44
8 605.69 782.38 608.32 752.87 608.24 751.74 586.32 744.34 571.94 749.03 525.85 772.07 526.40 803.91 589.33 787.67
5 856.68 608.59 876.99 569.42 873.78 552.01 817.46 587.21 821.14 590.82
7 253.30 552.60 241.67 529.33 220.50 532.36 215.59 542.35 210.91 573.03 220.56 579.30 248.62 572.47
7 129.45 795.07 115.84 844.39 134.46 863.38 140.16 860.84 159.60 841.40 155.12 786.13 150.76 782.59
5 706.21 497.69 714.40 515.10 773.73 512.73 769.73 505.58 714.92 487.31
5 779.00 35.29 776.33 -19.98 672.86 -19.98 702.76 31.42 733.03 41.85
4 573.47 972.00 543.07 999.71 541.12 1018.98 605.62 1018.98
5 866.03 403.92 832.89 362.49 800.42 391.35 808.83 406.50 864.47 406.50
6 499.37 254.83 538.35 265.09 550.37 262.01 558.24 233.74 556.53 229.42 496.65 219.44
6 340.64 962.13 334.81 951.74 307.73 960.59 277.53 981.21 274.09 1018.98 342.87 1018.98
6 189.17 580.28 210.91 573.03 215.59 542.35 185.50 535.67 152.26 541.21 152.94 556.13
9 127.13 669.87 180.41 735.69 210.20 743.71 210.43 743.61 236.28 723.98 238.65 712.53 191.02 660.36 158.27 656.79 129.73 666.38
5 4.52 918.05 17.93 912.12 35.63 855.49 -19.92 825.69 -19.92 916.87
5 333.73 198.27 381.25 201.66 367.88 160.08 351.52 158.84 329.82 172.84
7 585.30 375.91 593.62 400.85 594.65 401.95 645.08 393.12 645.84 391.81 646.08 373.60 618.72 354.52
7 289.32 481.61 288.81 487.50 306.75 516.20 314.56 513.76 340.15 494.44 311.32 444.65 310.62 444.69
5 815.19 276.50 835.02 228.58 830.29 218.40 798.97 227.87 801.40 276.50
5 856.68 608.59 860.11 612.96 924.07 597.81 925.43 594.80 876.99 569.42
7 686.64 440.76 664.73 442.63 658.15 457.99 657.36 492.76 659.85 499.33 673.80 495.38 694.67 461.22
8 422.38 671.81 377.35 644.65 352.09 670.50 351.37 672.05 374.53 716.82 394.11 722.51 398.16 717.64 422.16 672.84
